30894 0.8062015503875969 1.04475901773
30965 0.810077519379845 1.09825214775
31038 0.913712170046776 1.19731753313
31111 0.9964188750941134 1.26221629405
31182 1.0369430877175583 1.30289582062
31256 0.9935361677665907 1.26115983299
31328 1.2016417164204036 1.49241434831
31399 1.179633626376074 1.55915519356
31474 1.3292886386775162 1.69007229649
31545 1.2108496509659648 1.66476228566
31619 1.0149192867319898 1.62753238868
31690 1.0968410228807604 1.75723463765
31761 1.1394050028731482 1.98207978697
31836 1.3171845068675399 2.11959845171
31907 1.3879058226725087 2.2242836164
31979 1.3443522926723253 2.37749214924
32050 1.0058256803476682 1.77499765297
32123 1.0321103235623283 1.85760493705
32196 1.0426420615578622 1.83673444228
32267 1.1262126084766222 2.02571791139
32341 1.014100946094334 2.03771323046
32412 1.1491445394184536 2.12309468335
32483 1.2776672839586753 2.22066181616
32558 1.4326246433403913 2.33852739218
32629 1.4906060791585525 2.44805886702
32701 1.585132318324705 2.56366827996
32774 1.6843081473609272 2.60822491261
32845 1.4514880146803673 2.5812518355
32917 1.2877863588893483 2.59899920459
32991 1.381568313977205 2.89557571188
33063 1.0760959229470692 2.47553459795
33134 1.0622108142638813 2.46291409749
33205 1.6283341603275983 2.90723079977
33279 1.805377645570656 3.05393899273
33351 1.6999681227400973 3.08230893457
33425 1.7948366932876003 3.18079232193
33496 1.7200518310672837 3.02364748599
33566 2.1022855713044577 3.40385827172
33639 2.120275790129802 3.51498034578
33713 2.026104725426863 3.57417551391
33784 1.8405639996551724 3.43170523509
33856 2.1530478130294646 3.41014523789
33926 1.7668347099378423 3.47029893115
34001 1.5478467458892085 3.66656416427
34073 1.6299672324074463 3.73195255969
34146 1.6082053200922601 3.70529010656
34218 1.6331871503072857 3.87550245117
34288 1.7069900681783146 4.16255153733
34360 1.6330096190794456 4.11736776564
34434 1.801677279266055 4.1910549472
34506 2.0051289168243294 4.4515331307
34577 1.9117802707896772 4.46114410204
34650 1.9559382390008517 4.55569122759
34723 2.034360291036263 5.01802868354
34794 2.3692600935483683 5.62475643269
34868 2.459752666565841 5.79648922387
34939 2.714058646353397 6.06285144858
35010 3.0027249716782656 6.5697435945
35085 3.6042560825891825 7.35701939508
35156 3.7701518543603116 7.25098207744
35228 4.187645800678498 7.63395324598
35301 4.7772034432654875 8.37672946189
35372 4.9291286411078525 9.44407660524
35445 5.280807339817032 9.26834128836
35519 6.729375144529084 10.9308368855
35590 7.83147676637281 11.7287894079
35661 7.600799983858146 11.0203984208
35732 6.87754814651496 11.075349719
35807 8.275243415000258 12.706472136
35879 9.472447569793454 13.1560283647
35953 10.01232800123246 12.3674599211
36024 10.203067845223282 12.2842800399
36095 13.995947413773676 13.3676012447
36170 16.183439910132435 13.6253643255
36242 20.847124597661583 16.201285017
36316 22.657166381186542 16.9096076144
36387 24.039416531635904 16.1043062858
36458 29.374640002589175 17.0862123981
36530 37.14183917125363 16.4969548809
36604 40.73369187316884 15.8751937879
36676 63.10622541317697 17.877036826
36747 46.90352333207083 16.1719134745
36820 72.66336698984259 18.6539736486
36893 58.66991760986685 17.031186898
36967 66.21026557742132 19.0195171886
37039 57.501564181606184 17.5627684135
37110 56.961381038986616 16.705461063
37187 64.32849607220815 17.8841991052
37262 72.73252935415177 18.5452972744
37334 53.31411893906345 16.6536631871
37408 49.177748050810074 15.2297148354
37479 40.73906294855622 14.7384809456
37550 58.48394891074247 16.0539189909
37625 61.04363420932898 15.4076605876
37697 65.08595820086937 16.8203034094
37769 68.38414325068867 17.6193135477
37842 67.6022039827494 18.5536575534
37913 68.13737796174203 20.1148798604
37986 62.40345856324162 20.0110646814
38060 71.19240238221762 20.3639106107
38131 64.63909155992368 20.0348835874
38206 71.14179766544314 21.1414285034
38277 78.43961532740278 23.4496128338
38349 87.62873046102936 24.5455828436
38423 87.1427479004136 23.3462045217
38494 95.54603490371849 23.8168458105
38566 85.18857505847896 23.6529593431
38637 87.59201448019154 25.0707605882
38711 93.28127072617183 25.9165235626
38784 94.4206400691629 27.2423286841
38857 88.36727408107075 26.8867064835
38929 86.49546984703372 29.1001171178
39000 90.34957156485315 30.4682744473
39071 96.50324572028298 30.315798009
39148 104.31903165038462 33.6775350877
39221 94.80728644539414 33.2060343334
39293 114.87491867592463 35.1862026514
39364 106.67655061966106 33.287242189
39435 95.68487147097382 30.5529746547
39511 113.07976937304313 33.8280656906
39582 116.96136697774804 30.5554887407
39656 88.8111256930817 24.4550415765
39727 63.10794356905372 21.0893518607
39798 67.74156751825798 16.4559929695
39874 131.96104313781973 23.6295836941
39945 137.59986040282536 26.2422301289
40019 142.6219382571589 29.3888760114
40090 147.78260049672716 30.2077756663
40161 142.5160906358531 30.7488479761
40237 132.14323311023173 32.918765401
40308 118.42850765419085 31.3957121005
40380 116.33259497089762 32.8884976073
40453 113.80239407394903 35.7055269487
40524 120.37231140251535 39.2719776275
40597 132.4671369501365 40.2451753397
40670 118.23398550402297 39.2010011828
40742 90.61502301095723 32.689507162
40813 115.99131006299844 36.008243937
40884 117.02849018278681 39.9197569842
40960 117.41263096789362 39.6707400237
41031 97.70038392408617 37.716410913
41105 104.37510048638804 40.6166484832
41176 112.91294101697193 40.521126029
41251 124.5387120581365 44.8145925162
41325 125.58863708785574 46.7491185535
41398 124.27158076789456 49.6518274475
41470 125.28620071682533 50.1869886031
